Time                Path_length         Dist_to_obstacles   Dist_to_obstalces_w_wheel
4.66691296334178	1.70018786276727	7.11584480724043	1.26609470421787
7.90867832701113	1.89118713599475	8.35342304472193	4.67729631000991
8.38776915179609	1.98789226894384	7.26915927516949	2.89588391418873
8.54570910438608	2.21505702323532	7.16101303238025	4.10979787457265
8.80984323179416	2.05856957540459	7.55435438647090	2.98414746044444
9.47123385930610	2.05949169157090	7.18307392173070	2.24986756230966
8.29631019293260	1.63198717383640	7.23982114268063	1.86841200138771
9.81755098176420	2.12518842005137	7.30976035561269	4.23905095607445
9.20571334121830	2.34162265909719	7.72234036165609	4.30356595483287
8.32686907783030	2.05436891330799	7.10131549489588	2.70995043373594
10.1431890623383	2.51302430833377	7.67564574663645	4.51207622259951
10.5268088509799	2.35988899789154	6.47656340540687	3.01041472371152
9.83242329725161	2.60561466248823	6.70333669929214	4.39341444015562
10.8729225220743	2.54782856225970	6.56266054235161	3.73357074531093
10.0808644401069	2.47201375654720	7.27664149053823	4.02681646115970
9.42988339156285	2.49356439108850	6.67963932556475	3.72180561576350
7.88526387110345	2.21425910563198	7.86100601381733	3.91989615844604
9.42319417669164	2.45484322269827	7.74636981228829	3.73906031371779
9.76958234428880	2.75543571755267	7.10495286055313	3.89445221460505
9.89749807781133	2.68271514236202	6.89890262759134	4.46768991604264
11.3490790859808	2.41601281226529	6.49323235212720	2.94768899278681
10.4257084341655	2.69089718971624	7.54733380144895	4.14064553119813
10.4089965199182	3.02340185923725	6.88511636808374	4.15909575702435
11.2766452609895	2.88302914085979	6.64860062119721	4.17494233484384
10.8492597249058	3.26157724637680	6.97266868786863	5.72023541397436
10.6854903607153	3.60619356639086	7.09918375542863	3.52260510570593
10.5598080124318	2.53219497028652	5.89439800829141	4.36393585059915
11.7826684345163	3.36418962894819	5.80219369496710	3.52476204155072
10.7581470858295	3.50883260638136	5.84870172037577	4.26887247129623
13.1773556357668	3.80437072190637	5.25364507455159	6.02591428744040
12.2146389257913	3.97491122051523	5.89570611223740	3.91876698706642
15.2628537248834	4.56686048779280	6.87458692512973	4.46568205643351

results from weka regression (model trees) function = -0.3904 * path_len + 1.5344
1
3
2
5
4
7
8
10
9
14
13
20
21
17
19
22
12
6
11
18
29
15
24
25
27
23
30
28
16
32
31
26

