100 rankings:

2 features: length of path for the wheel and time
Categ:
[1 1 1 1 1 2 2 2 2 2 2 2 2 3 3 3 3 3 3 4 4 4 4 4 4 4 4 4 4 4]
[2 2 1 1 3 4 2 4 4 1 3 1 1 1 2 4 2 2 4 2 4 2 4 4 4 4 4 4 4 4]
Contin:

[12 4 10 17 2 3 14 7 5 20 18 21 22 1 6 15 11 13 8 24 9 19 16 26 23 29 27 30 25 28]
[0.689655172413793 0.931034482758621 0.896551724137931 0.965517241379310 0.758620689655172 0.655172413793103 0.827586206896552 0.344827586206897 0.275862068965517 0.965517241379310 0.517241379310345 1 0.448275862068966 0.896551724137931 0.655172413793103 0.241379310344828 0.965517241379310 0.724137931034483 0.275862068965517 0.758620689655172 0.724137931034483 0.724137931034483 0.172413793103448 0.310344827586207 0.0344827586206896 0.241379310344828 0.0689655172413793 0 0.172413793103448 0.0689655172413793]

3 features: + distance to obstacles

Cat:
[3 3 2 1 3 2 2 4 4 1 3 1 1 1 2 4 1 2 3 3 2 2 4 4 4 4 4 4 4 4]




[2 10 17 13 14 8 20 7 6 21 22 12 15 1 4 3 11 5 19 24 9 18 26 16 23 29 27 30 25 28]

[0.620689655172414 1 0.551724137931035 0.586206896551724 0.448275862068966 0.793103448275862 0.827586206896552 0.862068965517241 0.275862068965517 0.965517241379310 0.517241379310345 0.689655172413793 0.931034482758621 0.896551724137931 0.655172413793103 0.206896551724138 0.965517241379310 0.275862068965517 0.413793103448276 0.862068965517241 0.758620689655172 0.724137931034483 0.172413793103448 0.310344827586207 0.0344827586206896 0.241379310344828 0.0689655172413793 0 0.172413793103448 0.0689655172413793]

+50 more comparisons:
Categ:
[1 1 3 1 1 2 2 2 1 2 4 2 2 3 1 4 4 3 3 2 4 3 2 4 4 4 2 4 4 4]

Contin:
[15 1 5 9 18 7 14 8 4 6 2 10 23 13 19 12 20 11 3 26 16 27 17 21 28 29 22 24 25 30]






